0 0.00000
1 0.00000
2 0.00000
3 0.00000
4 0.00000
5 0.00000
6 0.00000
7 0.00000
8 0.00000
9 0.00000
10 0.00000
11 0.00000
12 0.00000
13 0.00000
14 0.00000
15 0.00000
16 0.00000
17 0.00000
18 0.00000
19 0.00000
20 0.00000
21 0.00000
22 0.00000
23 0.00000
24 0.00000
25 0.00000
26 0.00000
27 0.00000
28 0.00000
29 0.00000
30 0.00000
31 0.00000
32 0.00000
33 0.00000
34 0.00000
35 0.00000
36 0.00000
37 0.00000
38 0.00001
39 0.00001
40 0.00001
41 0.00001
42 0.00002
43 0.00002
44 0.00003
45 0.00003
46 0.00004
47 0.00005
48 0.00007
49 0.00008
50 0.00010
51 0.00013
52 0.00016
53 0.00020
54 0.00024
55 0.00030
56 0.00036
57 0.00044
58 0.00053
59 0.00063
60 0.00076
61 0.00091
62 0.00107
63 0.00127
64 0.00149
65 0.00175
66 0.00204
67 0.00236
68 0.00273
69 0.00314
70 0.00360
71 0.00410
72 0.00466
73 0.00526
74 0.00592
75 0.00663
76 0.00739
77 0.00821
78 0.00907
79 0.00998
80 0.01093
81 0.01192
82 0.01295
83 0.01399
84 0.01506
85 0.01613
86 0.01721
87 0.01827
88 0.01931
89 0.02033
90 0.02130
91 0.02221
92 0.02307
93 0.02385
94 0.02455
95 0.02516
96 0.02567
97 0.02607
98 0.02636
99 0.02654
100 0.02660
101 0.02654
102 0.02636
103 0.02607
104 0.02567
105 0.02516
106 0.02455
107 0.02385
108 0.02307
109 0.02221
110 0.02130
111 0.02033
112 0.01931
113 0.01827
114 0.01721
115 0.01613
116 0.01506
117 0.01399
118 0.01295
119 0.01192
120 0.01093
121 0.00998
122 0.00907
123 0.00821
124 0.00739
125 0.00663
126 0.00592
127 0.00526
128 0.00466
129 0.00410
130 0.00360
131 0.00314
132 0.00273
133 0.00236
134 0.00204
135 0.00175
136 0.00149
137 0.00127
138 0.00107
139 0.00091
140 0.00076
141 0.00063
142 0.00053
143 0.00044
144 0.00036
145 0.00030
146 0.00024
147 0.00020
148 0.00016
149 0.00013
150 0.00010
151 0.00008
152 0.00007
153 0.00005
154 0.00004
155 0.00003
156 0.00003
157 0.00002
158 0.00002
159 0.00001
160 0.00001
161 0.00001
162 0.00001
163 0.00000
164 0.00000
165 0.00000
166 0.00000
167 0.00000
168 0.00000
169 0.00000
170 0.00000
171 0.00000
172 0.00000
173 0.00000
174 0.00000
175 0.00000
176 0.00000
177 0.00000
178 0.00000
179 0.00000
180 0.00000
181 0.00000
182 0.00000
183 0.00000
184 0.00000
185 0.00000
186 0.00000
187 0.00000
188 0.00000
189 0.00000
190 0.00000
191 0.00000
192 0.00000
193 0.00000
194 0.00000
195 0.00000
196 0.00000
197 0.00000
198 0.00000
199 0.00000
200 0.00000
